0.0850202548317611
0.383224537828937
0.21655649645254
0.716575030470267
0.983503709780052
0.920239051571116
0.595646289177239
0.148722902638838
0.761539997532964
0.832132142735645
0.597828996600583
0.646483700955287
0.390049386769533
0.241960858460516
0.20621533296071
0.0416992977261543
0.491001195507124
0.33630309230648
0.528603323968127
0.107806402258575
0.453933825949207
0.696628091158345
0.913109922083095
0.66155502689071
0.520446176640689
0.991948514478281
0.237232024781406
0.508208150742576
0.846652721287683
0.435709684155881
0.101666244445369
0.38279622932896
0.307323476299644
0.212071690941229
0.875902198720723
0.45291605242528
0.109413884812966
0.124650440178812
0.151489358628169
0.800763860112056
0.923987078480422
0.545131421415135
0.2046653192956
0.034516328945756
0.438126862980425
0.747004804201424
0.482124274596572
0.207446139771491
0.360734789632261
0.618513294961303
0.0397980625275522
0.322680584387854
0.0636772450525314
0.2081588357687
0.0340657427441329
0.620738341240212
0.736214749282226
0.269647810375318
0.284488283097744
0.717714763479307
0.672152862651274
0.467384957475588
0.502278769854456
0.941113367909566
0.664489563088864
0.350489486940205
0.939000552520156
0.572191608836874
0.523531655780971
0.536730761872604
0.360047335969284
0.0834812805987895
0.753152540884912
0.0134594268165529
0.0510549270547926
0.466659447643906
0.756935257464647
0.65351774264127
0.954679775051773
0.382309371372685
0.301874572876841
0.877495568944141
0.775547477416694
0.762834532186389
0.980021337047219
0.409570870222524
0.938818449387327
0.215993022080511
0.700301197124645
0.591072752838954
0.329554023686796
0.772955698193982
0.117555489996448
0.210527310613543
0.65775858098641
0.0705976039171219
0.90114180650562
0.762239241274074
0.666282292222604
0.646661719772965
0.454720677109435
0.913792997831479
0.398598661879078
0.328675117809325
0.736421041656286
0.797025586478412
0.436539592687041
0.0768498911056668
0.556421926943585
0.111305619822815
0.725407685386017
0.280889449175447
0.0163032095879316
0.0299756084568799
0.223114515189081
0.204060745891184
0.338388215983286
0.00829267618246377
0.95431232615374
0.124952021753415
0.64390014950186
0.0777862351387739
0.266467379406095
0.649288437794894
0.765514860395342
0.917950157308951
0.748987743631005
0.819572857581079
0.09189547970891
0.291116767562926
0.793938926886767
0.295361869269982
0.00096310256049037
0.863985083764419
0.579088130500168
0.503597510280088
0.207923345966265
0.226749673020095
0.0998434482607991
0.00888254190795124
0.0731244666967541
0.775031141936779
0.721791606629267
0.529340217355639
0.644615016877651
0.131752531742677
0.354226992465556
0.829321982571855
0.543829771922901
0.211835155030712
0.424525730311871
0.727001576218754
0.0398799635004252
0.399459476117045
0.24376902775839
0.226857673609629
0.0902275235857815
0.0765732142608613
0.243363661924377
0.0128525043837726
0.238108639372513
0.695097011746839
0.449368119006976
0.47344709187746
0.94806345552206
0.652484571095556
0.492981151444837
0.956069007283077
0.891418773215264
0.997988954884931
0.236114205326885
0.602751143043861
0.0528315256815404
0.819119373569265
0.227990184910595
0.98428096040152
0.910087557276711
0.660043697105721
0.530876346165314
0.353618060937151
0.80162656516768
0.629025061847642
0.480466125532985
0.244992647785693
0.146772066596895
0.465685090981424
0.71507954923436
0.810103774536401
0.465824720449746
0.739568940130994
0.368065444286913
0.223800459643826
0.867783608613536
0.761288607027382
0.0275788884609938
0.0966938596684486
0.511139763286337
0.383658221689984
0.790297510335222
0.940259749535471
0.0601001910399646
0.960436205845326
0.379600456915796
0.869243844877928
0.0575457564555109
0.954484673216939
0.700102475238964
0.944559474242851
0.17743531242013
0.0961265014484525
0.684707995504141
0.6590758159291
0.427411695243791
0.319425337482244
0.503038802184165
0.592474153265357
0.435738903470337
0.46140881604515
0.0711139803752303
0.423564389813691
0.739551813574508
0.516251414082944
0.38901859940961
0.0941140523646027
0.101957684382796
0.717487300978974
0.683314325753599
0.443006460787728
0.086679496569559
0.426400033058599
0.278951783431694
0.166873362381011
0.796474542003125
0.59108927147463
0.809167986735702
0.179409843869507
0.962089583510533
0.27404695074074
0.149903673445806
0.354439520277083
0.060450331075117
0.115552910370752
0.159452529158443
0.593313121236861
0.833527537528425
0.358728581806645
0.766634656582028
0.675551078282297
0.768516122130677
0.0523517522960901
0.986484590219334
0.47800417477265
0.655826642177999
0.0810156667139381
0.48435202264227
0.0271033006720245
0.51992899319157
0.988341157790273
0.978430555202067
0.0679914825595915
0.584923696937039
0.884095183806494
0.457010440528393
0.98448930750601
0.489996655378491
0.0278331961017102
0.160954366438091
0.981283577159047
0.86384844686836
0.879053469048813
0.989068896509707
0.445383262820542
0.976896252948791
0.873569661052898
0.432003292953596
0.359280642820522
0.702510435134172
0.111954542109743
0.579703403403983
0.58419942879118
0.55918995058164
0.715112460777164
0.784511914011091
0.942175692878664
0.406972452998161
0.134641215438023
0.739208632614464
0.807802777271718
0.682726562954485
0.56614897865802
0.113911472260952
0.193075312068686
0.886024097213522
0.774354718858376
0.977600161684677
0.480245200917125
0.529244871344417
0.519914855714887
0.457157768541947
0.444180014776066
0.119505155831575
0.637662702007219
0.902992914896458
0.0960728062782437
0.773060309933499
0.830144020263106
0.636892976006493
0.0711604915559292
0.713152762968093
0.26161434291862
0.717570461565629
0.832877216627821
0.712365731829777
0.991776671260595
0.634845946915448
0.216310658492148
0.204200864536688
0.853174665244296
0.0542956560384482
0.045010034693405
0.0977921558078378
0.31465835054405
0.695312244119123
0.569416317623109
0.269994325470179
0.291498042177409
0.514688557945192
0.616493482142687
0.916761506116018
0.365158230997622
0.11107570445165
0.359777016099542
0.911650539841503
0.489283081842586
0.0734171466901898
0.334700286388397
0.0937002778518945
0.615815914003178
0.249026515288278
0.754845764720812
0.252092436887324
0.545833311742172
0.981528609059751
0.465692181140184
0.506639470113441
0.433241150574759
0.260297406464815
0.981745030963793
0.196205595508218
0.618712700903416
0.176754523534328
0.335152374580503
0.806605831952766
0.572580949636176
0.166575921000913
0.665830646175891
0.255820811260492
0.642014167038724
0.357692341553047
0.330733342561871
0.986301138065755
0.733940547099337
0.127434613881633
0.587541577406228
0.908590736566111
0.410022966563702
0.302868674742058
0.214570644777268
0.217957185115665
0.035699391271919
0.202356250490993
0.879489206010476
0.167786581208929
0.0438291225582361
0.560969116399065
0.508759884629399
0.0101150763221085
0.220631123287603
0.634197509847581
0.851926754927263
0.814264080254361
0.902032377198339
0.0771258189342916
0.890521531924605
0.369504073401913
0.49223068356514
0.25630781846121
0.602265251334757
0.759787559276447
0.856202291557565
0.283447919646278
0.628091753227636
0.363965337863192
0.0217946206685156
0.563293551793322
0.143694111378863
0.391903267242014
0.339571041986346
0.190267225261778
0.837434742366895
0.678082518512383
0.937396276276559
0.562433401821181
0.803129055304453
0.244772607926279
0.421373814344406
0.239105943590403
0.0752225222531706
0.298446837579831
0.607627569697797
0.723668440477923
0.145920099923387
0.868140555452555
0.222069059032947
0.166467177914456
0.038789990125224
0.716439507436007
0.758043024688959
0.469088049372658
0.535938643151894
0.369414803339168
0.202906345250085
0.885988490656018
0.635388726135716
0.022968833334744
0.633574501145631
0.301418028306216
0.944975439924747
0.561293362872675
0.21082754409872
0.901995713124052
0.0920698032714427
0.656519859563559
0.483857770916075
0.215284711681306
0.251234707655385
0.906891874736175
0.932359412312508
0.593219387112185
0.633862199727446
0.527518374146894
0.710361913777888
0.555086913751438
0.508502531563863
0.118380239699036
0.561880647903308
0.679320815950632
0.248540093190968
0.970839656889439
0.804436022881418
0.524823613697663
0.629558844957501
0.931423073401675
0.0328925859648734
0.349960781168193
0.0973190320655704
0.394677401985973
0.473783248336986
0.348144901450723
0.577625453006476
0.271405125502497
0.554780622012913
0.947214960120618
0.380029296502471
0.593639920465648
0.132711492711678
0.957456118194386
0.624647947959602
0.302602173527703
0.189320291858166
0.678916131146252
0.53074380592443
0.992080288240686
0.262458626413718
0.81647118460387
0.775848855962977
0.115626263432205
0.552528965519741
0.0710862565319985
0.716952527407557
0.4699094616808
0.726164888124913
0.850922150770202
0.882517314981669
0.756301699439064
0.82189902709797
0.501590250525624
0.310663267504424
0.409714378649369
0.464843990514055
0.808772304095328
0.607976543717086
0.175567952217534
0.455341711640358
0.949474897934124
0.923957082210109
0.781475981930271
0.543486615875736
0.138632678193972
0.121354828355834
0.124453124357387
0.759519829414785
0.26398963923566
0.284129105042666
0.95600537979044
0.707503589335829
0.916731811361387
0.326093893731013
0.211723645217717
0.692190554924309
0.895557880867273
0.741829365724698
0.818809575866908
0.98550725588575
0.380256866803393
0.557267163414508
0.323467405047268
0.0944453969132155
0.385366346919909
0.680847217096016
0.846587950829417
0.384573630290106
0.666319782147184
0.552344138501212
0.67383548268117
0.749563331715763
0.0758157873060554
0.844630256993696
0.999499536817893
0.337562646716833
0.448795210802928
0.870662182569504
0.623823838774115
0.89720613649115
0.136299836216494
0.215606042882428
0.355470249196514
0.528106284327805
0.848107522586361
0.0546231085900217
0.317551757674664
0.188961196923628
0.836139319697395
0.16243609902449
0.0243313321843743
0.722947250818834
0.945296969730407
0.704102789983153
0.761887290049344
0.948407759191468
0.0726405782625079
0.854922636412084
0.292221633717418
0.145176008110866
0.10665291082114
0.452730426099151
0.041070032864809
0.929796749725938
0.23022111156024
0.596303137717769
0.802475394913927
0.357143476139754
0.29400542168878
0.856915159383789
0.715513073839247
0.264531542081386
0.45127031696029
0.673074632883072
0.732181453378871
0.305598304374143
0.441110143903643
0.872117877705023
0.803830871358514
0.127946802182123
0.51492188917473
0.715657554101199
0.448572111781687
0.519943268969655
0.175356733147055
0.321223674109206
0.121291130082682
0.923341164831072
0.594228247646242
0.802104123402387
0.246975078713149
0.479782675160095
0.653500989312306
0.153942418750376
0.424041963648051
0.695996423717588
0.156685389811173
0.038381733931601
0.149202255066484
0.00929720257408917
0.376410434255376
0.711446239380166
0.828219613758847
0.499579372582957
0.644755962537602
0.931618199450895
0.246497216634452
0.191082491772249
0.662345014046878
0.341230710735545
0.547506564063951
0.450800665654242
0.725380922202021
0.175409811316058
0.855145796667784
0.158853852888569
0.648368075489998
0.347311606630683
0.677087119081989
0.407933379756287
0.997540704673156
0.279193194117397
0.396531983278692
0.281289370497689
0.911990828346461
0.642218857305124
0.495434538926929
0.0126764005981386
0.344309629173949
0.343032524455339
0.926585652166978
0.927692697616294
0.702666895696893
0.700887409970164
0.562025776132941
0.779506222112104
0.342836461495608
0.132509030634537
0.94351443182677
0.359028284670785
0.252603427739814
0.243426863336936
0.224856065353379
0.0509003202896565
0.600595109863207
0.982077580643818
0.0513685569167137
0.533976912032813
0.756915158824995
0.833087429171428
0.889377968385816
0.177094866521657
0.538223458221182
0.892025878885761
0.853821770520881
0.964509810786694
0.123159727547318
0.352542199427262
0.955906712682918
0.919054152676836
0.881636319682002
0.272261396981776
0.693488309858367
0.136356448289007
0.262909561861306
0.0376393129117787
0.212214046623558
0.0535445953719318
0.283658938016742
0.308986495481804
0.722050378099084
0.909546651877463
0.0528671348001808
0.639822530327365
0.204074109205976
0.743218687130138
0.16052162530832
0.422373530454934
0.920895231189206
0.849441894097254
0.0611327814403921
0.202566895401105
0.205486250808463
0.0476311307866126
0.815571102080867
0.44250243762508
0.510478562209755
0.45894962712191
0.468478284077719
0.322209488833323
0.0423160227946937
0.569277480011806
0.317424933658913
0.561631199205294
0.853710065362975
0.140013461466879
0.591002957196906
0.0758173684589565
0.231969435699284
0.0214663709048182
0.507175584556535
0.175094774225727
0.963165203807876
0.66819314728491
0.746631148271263
0.252497154986486
0.39375841175206
0.324735183035955
0.0560347975697368
0.685207434929907
0.644277402898297
0.416604625293985
0.884352275170386
0.55861053452827
0.549853370990604
0.393640654627234
0.702545892680064
0.712439693044871
0.623133022105321
0.189390640705824
0.0908933375030756
0.162843829486519
0.0651684131007642
0.671732303220779
0.387546720448881
0.740949908737093
0.942210046108812
0.904415159020573
0.95266171102412
0.346959883347154
0.322862240485847
0.129207870922983
0.227861733874306
0.304239575751126
0.416255264077336
0.496222192654386
0.878978988388553
0.439094893168658
0.727817425737157
0.949115947121754
0.572718936484307
0.749972766032442
0.52832863968797
0.514811441069469
0.44897789391689
0.712345908163115
0.70971266226843
0.215959882596508
0.139749763533473
0.539606427075341
0.468820292735472
0.707483782665804
0.879369998117909
0.331501234322786
0.553909414680675
0.414124276256189
0.319692498305812
0.550644335336983
0.654523543082178
0.257272689370438
0.0567421873565763
0.973916376940906
0.607314869295806
0.241427251603454
0.0839742794632912
0.332084192195907
0.00405176542699337
0.839832480996847
0.468426104635
0.543384479824454
0.710058032767847
0.520684034796432
0.450764103326946
0.423191677778959
0.992349707521498
0.463522681733593
0.851469507906586
0.472242165822536
0.226741981692612
0.665862946771085
0.0812759874388576
0.548595539061353
0.244267653906718
0.932655404787511
0.771127003012225
0.374087364180014
0.206176374806091
0.715354256797582
0.705072372918949
0.428140580886975
0.167571065016091
0.284569459734485
0.266026309458539
0.0703789864201099
0.151916680391878
0.684249314013869
0.483431849628687
0.0132426375057548
0.905010838061571
0.368611523648724
0.700826171552762
0.993425423279405
0.107171832816675
0.52807040931657
0.221342080505565
0.189847508911043
0.126569049898535
0.51071256143041
0.326464767567813
0.671254326589406
0.680263507412747
0.773183204699308
0.978624196490273
0.611740273889154
0.944372118217871
0.565254058456048
0.0669490885920823
0.22691662190482
0.560636894777417
0.563616394298151
0.819447155576199
0.394323768327013
0.0978646110743284
0.0794277149252594
0.955634430749342
0.66011302289553
0.135374707868323
0.910018698312342
0.293610206339508
0.218119575409219
0.79159322171472
0.862870394252241
0.137927891919389
0.179013289976865
0.0300819361582398
0.449442498385906
0.738641430623829
0.179400307824835
0.157653792528436
0.95062430202961
0.830755630275235
0.79575828788802
0.695772216422483
0.846347769489512
0.855176167795435
0.323804489802569
0.581652053399011
0.56224822672084
0.868769043125212
0.783520955825225
0.702376635279506
0.177704283036292
0.0151483102235943
0.500167099526152
0.699319076258689
0.919250503415242
0.515714544802904
0.96780961798504
0.375180486124009
0.843670815695077
0.453342545311898
0.429088239558041
0.423709743889049
0.552162844920531
0.843079015845433
0.764867476420477
0.289229115471244
0.980436979560181
0.440714023308828
0.570977369090542
0.21381958713755
0.290922231273726
0.963384704198688
0.347634596284479
0.0103090242482722
0.449922096449882
0.326583620393649
0.41344769205898
0.372972601791844
0.426989361876622
0.0912819502409548
0.864581381669268
0.40882282005623
0.102334782714024
0.0488002018537372
0.448171900119632
0.786069288151339
0.178774893516675
0.54789331369102
0.0182997300289571
0.872526173945516
0.870943532092497
0.26902658236213
0.111368276411667
0.480024830205366
0.224976315628737
0.423952619312331
0.246005830122158
0.314581926446408
0.234844840830192
0.852809041272849
0.407738284440711
0.0645170987118036
0.0671623754315078
0.777179898461327
0.426921684993431
0.22211304702796
0.249315210152417
0.895657201064751
0.426812255522236
0.852474745362997
0.981997972354293
0.692544598365203
0.235491217579693
0.0718465237878263
0.995940850581974
0.611612114356831
0.384956079302356
0.506671455455944
0.707328998716548
0.587442855816334
0.298475167714059
0.94425535062328
0.494207873474807
0.821184569969773
0.417482515797019
0.927148578921333
0.0825512616429478
0.786038015736267
0.33948972960934
0.127462699543685
0.877694775117561
0.0261314520612359
0.865659825969487
0.94952075695619
0.692940982524306
0.087170384125784
0.944990026997402
0.804446468129754
0.574444508180022
0.48390577477403
0.742662821663544
0.241132205352187
0.604001922998577
0.1165324926842
0.950328675331548
0.422643064754084
0.763060922035947
0.983053068630397
0.0314581871498376
0.7419032107573
0.261868499219418
0.858131757937372
0.290002098307014
0.130712157581002
0.10000039008446
0.570520610548556
0.619464870775118
0.376253746682778
0.22222503554076
0.266752996947616
0.913539784029126
0.0503331725485623
0.119266258785501
0.286587500479072
0.428746898658574
0.05804617353715
0.401313298847526
0.0666160704568028
0.0205904261674732
0.0508857287932187
0.235989103792235
0.74711286323145
0.941508106421679
0.716402270132676
0.768531312001869
0.210957441246137
0.243733619106933
0.402464653830975
0.574659133562818
0.747882524272427
0.723547517322004
0.223944174824283
0.633053535595536
0.364102721912786
0.846325975377113
0.376594062894583
0.0134889760520309
0.269965767394751
0.955563401337713
0.761667243437842
0.521876845275983
0.0331561455968767
0.278539605205879
0.856257925974205
0.0363390888087451
0.0444114822894335
0.348465508548543
0.483133487869054
0.452128586824983
0.632211807649583
0.381577596301213
0.403995626838878
0.360848293174058
0.423200593329966
0.828893842175603
0.202230356168002
0.558987661264837
0.791889919899404
0.991536336950958
0.716356940334663
0.478883179370314
0.133935336722061
0.806459709536284
0.0119271948933601
0.459110714495182
0.0224195343907923
0.71841542981565
0.092887552222237
0.276893616188318
0.495566821424291
0.813587870448828
0.444106316426769
0.465630570426583
0.464105993043631
0.213362767593935
0.785065460717306
0.812134123174474
0.688123163767159
0.137322317110375
0.155597654171288
0.530781141715124
0.921293083811179
0.0514257980976254
0.472916017286479
0.597818549023941
0.0928723181132227
0.137890120269731
0.372664976632223
0.838217866839841
0.923804769525304
0.210063815815374
0.966253134887666
0.834363996982574
0.593685396946967
0.0146053910721093
0.615613684058189
0.325166050577536
0.00569441705010831
0.869987902231514
0.494597354903817
0.94294083211571
0.0371406963095069
0.915228231577203
0.951860872330144
0.10165559174493
0.369229469913989
0.10283935116604
0.297750810859725
0.0936597594991326
0.864843040704727
0.995602801907808
0.210302773630247
0.97388456040062
0.112659739563242
0.716767136240378
0.581719165667892
0.305874049896374
0.618639323860407
0.592794956173748
0.0373717844486237
0.709413191536441
0.646097918273881
0.589074433781207
0.663430420914665
0.391420037485659
0.858587641268969
0.0341890165582299
0.869422025512904
0.650623854249716
0.574611532269046
0.374542193254456
0.197582363616675
0.0865811645053327
0.505194799276069
0.762508283136413
0.139107274124399
0.577444882597774
0.666856321273372
0.685458168154582
0.751602470409125
0.068756528897211
0.860152082284912
0.680408831918612
0.971953300293535
0.0210865491535515
0.838393881451339
0.501173957716674
0.498141473857686
0.352504689712077
0.780531628523022
0.492962674470618
0.0551558493170887
0.740452225087211
0.55890725273639
0.413659100653604
0.876836688257754
0.658362042391673
0.336459699552506
0.53530036797747
0.813245855970308
0.116116812685505
0.157324122963473
0.924722467083484
0.349708263995126
0.399642291245982
0.22287349589169
0.562861114973202
0.647639326984063
0.93643370247446
0.911434771260247
0.541476633632556
0.0170308770611882
0.731890336843207
0.695738231297582
0.991922666085884
0.975007472094148
0.0849931696429849
0.894983970560133
0.630512935109437
0.864388013724238
0.214443095261231
0.66068546124734
0.647602357668802
0.946666996693239
0.882384084630758
0.15282449289225
0.608217775588855
0.804508799919859
0.850230755517259
0.144339178921655
0.140777023509145
0.196572090266272
0.75470866356045
0.833024616586044
0.662101036636159
0.86533656087704
0.824263860238716
0.676950675668195
0.0894371455069631
0.0361020974814892
0.141816935036331
0.648964850232005
0.0996465641073883
0.0519514251500368
0.516131898853928
0.809857235988602
0.760936949634925
0.251430518226698
0.968666080851108
0.10097942664288
0.746117949718609
0.662686144234613
0.0188141197431833
0.580931985285133
0.646677333163098
0.119388133985922
0.449382461607456
0.615784202469513
0.218834705650806
0.886425199918449
0.527381631545722
0.477379058254883
0.376597041031346
0.871281864587218
0.398429453140125
0.525393419666216
0.271323245950043
0.119229104369879
0.576215524692088
0.566585797816515
0.413995093666017
0.330256110755727
0.95427778433077
0.400528451660648
0.420776225626469
0.85131273092702
0.868705872446299
0.0896266761701554
0.761822378961369
0.198125317227095
0.284101591678336
0.0141319902613759
0.125474102562293
0.564291256014258
0.651585710933432
0.774315929040313
0.410355600062758
0.0248214621096849
0.085945485625416
0.739402764476836
0.0340020023286343
0.376994227292016
0.338241499150172
0.324556652223691
0.0222568835597485
0.0975310050416738
0.574171734275296
0.410345361568034
0.49055761937052
0.177638183347881
0.482592476997524
0.765486366581172
0.0662070023827255
0.292189794126898
0.536860550520942
0.756703071994707
0.123222162714228
0.894762027310207
0.202092691091821
0.582091324962676
0.801774949999526
0.98941529658623
0.912995749851689
0.467840580036864
0.10708126379177
0.605965385213494
0.858377736061811
0.0204965944867581
0.718925109365955
0.511672595050186
0.0511173778213561
0.0998686051461846
0.472197809023783
0.557384528452531
0.652662075357512
0.628373890649527
0.539806455373764
0.783174325944856
0.189135671593249
0.92183303181082
0.516172611154616
0.0444394128862768
0.70947381015867
0.374103260692209
0.141301503870636
0.695846539223567
0.792951552662998
0.0767818507738411
0.0432289394084364
0.838366565760225
0.29457669518888
0.703154295915738
0.6306673202198
0.721299546770751
0.00530677870847285
0.732399844331667
0.652701576240361
0.329069016966969
0.964067252818495
0.57666235929355
0.641074800863862
0.191660677315667
0.981937359785661
0.284585117129609
0.616315064486116
0.858836088795215
0.304081635782495
0.654087683651596
0.67293334659189
0.341829994227737
0.951291189529002
0.888285460881889
0.594394234009087
0.403188143623993
0.966933021787554
0.905715450644493
0.993899384979159
0.307199038099498
0.0574599010869861
0.372931818943471
0.122653268976137
0.595769187202677
0.579200335079804
0.744863800704479
0.910020082257688
0.3852142568212
0.34668873436749
0.143991054734215
0.142642508028075
0.702466303715482
0.518493421841413
0.477281851926818
0.106522423448041
0.938931661657989
0.914819275960326
0.756362006533891
0.436935001984239
0.544915247708559
0.852205505827442
0.536485840799287
0.392009362112731
0.376286233309656
0.252188892103732
0.0883955582976341
0.956982822157443
0.523471995722502
0.0970305458176881
0.689699712675065
0.97586291981861
0.0085330312140286
0.299921734957024
0.228096643695608
0.787481506587937
0.787429688032717
0.652781998272985
0.437798404367641
0.477375875459984
0.411104616243392
0.891605872660875
0.943635187111795
0.838892889209092
0.0823312022257596
0.887879974208772
0.986544443294406
0.559331549331546
0.193592069437727
0.360960184596479
0.265834148973227
0.891069350298494
0.686804813798517
0.740742335096002
0.822290627751499
0.508013508748263
0.69716580142267
0.685836297692731
0.30700549040921
0.737000360852107
0.883706989930943
0.304041461320594
0.829482833156362
0.978674786165357
0.719353411113843
0.170688769547269
0.730949204647914
0.353683480992913
0.45760797476396
0.783758822828531
0.751171360723674
0.891203626524657
0.124380954308435
0.409733933163807
0.459827654529363
0.962325741536915
0.911774913547561
0.275166673120111
0.924420339986682
0.762185669038445
0.5341505210381
0.726578070782125
0.80642264476046
0.836961626540869
0.40979266888462
0.813738636672497
0.442977157887071
0.390393932117149
0.220232148654759
0.464479506015778
0.129072820302099
0.328324219211936
0.696624469012022
0.029415954137221
0.442568872123957
0.0572595610283315
0.140141894575208
0.210059571545571
0.86494537233375
0.525976873235777
0.217330820625648
0.770785067696124
0.756932143587619
0.113059353316203
0.843447338556871
0.550546558573842
0.260924938134849
0.776788028888404
0.736461081542075
0.582226508297026
0.629125326406211
0.452525097411126
0.294675410958007
0.92078436166048
0.102017456199974
0.479774018051103
0.579711933387443
0.838918384630233
0.43615490803495
0.758708822075278
0.833733950043097
0.628054916393012
0.72200317401439
0.897687070304528
0.590978811262175
0.862151270732284
0.1622904764954
0.719361907569692
0.822927571367472
0.0449803010560572
0.553744696546346
0.074713297188282
0.879252942278981
0.0683747460134327
0.168277930933982
0.409119494259357
0.971434538252652
0.378363935044035
0.391169646754861
0.898662760155275
0.109407365787774
0.913895777892321
0.83535985648632
0.794773554196581
0.854686941718683
0.715575679671019
0.656783252721652
0.84775163512677
0.43967545684427
0.0479265749454498
0.685278715798631
0.510864654323086
0.408449639566243
0.825559115735814
0.899610127555206
0.75311515131034
0.352183007868007
0.748268691590056
0.710742875002325
0.958447060547769
0.699656812241301
0.931815045885742
0.541211600648239
0.418431381229311
0.676397758768871
0.315118173835799
0.112956709228456
0.858606114983559
0.401870507979766
0.291445851093158
0.82525092177093
0.214425340527669
0.833698670845479
0.80958298384212
0.766906400909647
0.973470047581941
0.165810475125909
0.571972486097366
0.178620433202013
0.469033908098936
0.398421907797456
0.494498871266842
0.172580955084413
0.623468530364335
0.0361399226821959
0.57906417758204
0.0180124349426478
0.130583106074482
0.447896676603705
0.694445078028366
0.740801289444789
0.286260690307245
0.551792526850477
0.665221343515441
0.333422168390825
0.617148426594213
0.238282036269084
0.487553962972015
0.78575113392435
0.528411086648703
0.532893961993977
0.258382670581341
0.790870600147173
0.627168776700273
0.930077736964449
0.696615593042225
0.371285448316485
0.359283745056018
0.316476222593337
0.475839598337188
0.047507103998214
0.464289965573698
0.69421410234645
0.869476695777848
0.132657700451091
0.472766237566248
0.430346488254145
0.0634985195938498
0.985074775991961
0.41263174591586
0.330885303206742
0.950267512118444
0.140325793996453
0.582380132516846
0.667282355250791
0.712713030865416
0.725262656109408
0.115221162559465
0.785644330084324
0.431375320535153
0.790015237405896
0.0796268503181636
0.58072615461424
0.50055676465854
0.209169267909601
0.791811117902398
0.0776561475358903
0.282378476811573
0.461997962323949
0.905982200754806
0.568175106309354
0.442558282054961
0.959493572358042
0.397081381874159
0.4147555292584
0.765019128331915
0.886221365770325
0.90314915496856
0.913705071434379
0.438622075831518
0.0323458893690258
0.370217104442418
0.826597849372774
0.29757070611231
0.426601910032332
0.255726133706048
0.573533685179427
0.956135025713593
0.245994939934462
0.394372918177396
0.358660698635504
0.446172260446474
0.884307210799307
0.697612758725882
0.961537571623921
0.333375864895061
0.451087675290182
0.126771236304194
0.216659699101001
0.589105261489749
0.594181878957897
0.063989989226684
0.718242092290893
0.752233495935798
0.75176098709926
0.875475753331557
0.990150810219347
0.0832490297034383
0.95614658552222
0.291743658483028
0.880204542540014
0.381770793348551
0.479293473763391
0.312802211381495
0.0936867450363934
0.0252396285068244
0.975510342279449
0.107651088852435
0.872029584133998
0.23642160044983
0.116951691918075
0.223011356312782
0.578904594294727
0.705362286651507
0.696335655637085
0.743542717769742
0.593740544747561
0.730365489376709
0.0735124426428229
0.0182714532129467
0.36253983178176
0.145982791204005
0.295053110225126
0.561983673833311
0.563266680808738
0.301187590695918
0.630942278308794
0.152755804127082
0.965197595767677
0.829691317398101
0.346264011226594
0.333661613287404
0.953325425041839
0.594036316731945
0.777421132894233
0.122636995045468
0.558480313979089
0.299810123629868
0.485523806419224
0.204601377481595
0.335602908628061
0.881134072551504
0.073367691366002
0.221479599596933
0.215013722423464
0.00787710980512202
0.149423194117844
0.433356064604595
0.367833223193884
0.0747954577673227
0.137553707929328
0.660853364272043
0.434369038091972
0.585512314457446
0.441532932221889
0.928049911279231
0.0756480426061898
0.65985924936831
0.942433165153489
0.265317044453695
0.0996202121023089
0.212734807981178
0.752324679167941
0.125081243924797
0.38540677074343
0.13057825434953
0.27782349800691
0.654398662038147
0.485133134759963
0.171839989488944
0.0988581634592265
0.141818654723465
0.180746769765392
0.264425226952881
0.958423991221935
0.231996299466118
0.782520089531317
0.601272369036451
0.00503628957085311
0.915250965859741
0.133408600930125
0.50505190808326
0.798880591522902
0.56877275602892
0.14247512887232
0.321746893459931
0.328872504411265
0.981854984303936
0.0285703865811229
0.0594271935988218
0.374988107010722
0.730954655213282
0.776424926938489
0.454979275818914
0.162404258269817
0.589292868971825
0.522298078518361
0.579164309659973
0.184158037416637
0.634846935980022
0.289363525109366
0.262658100808039
0.975444511743262
0.37262876261957
0.052730041090399
0.119242501212284
0.635926054790616
0.299660619581118
0.868134607095271
0.705892327707261
0.969200026709586
0.658801197307184
0.497409727890044
0.978634319035336
0.432461305288598
0.606820058310404
0.623149133753031
0.545198741136119
0.143813570961356
0.608470755396411
0.182092162081972
0.394203746924177
0.505194654688239
0.0091432451736182
0.954675975488499
0.440298346802592
0.335609165020287
0.995177573058754
0.252408806467429
0.105111284414306
0.0268195574171841
0.979855998884887
0.126456087455153
0.595259755617008
0.302577096503228
0.346788758877665
0.762884955387563
0.879408288979903
0.960881147533655
0.898593976395205
0.673731931252405
0.333295011660084
0.375457293819636
0.426555851707235
0.628119468921795
0.892842938192189
0.940949828829616
0.930903851753101
0.0904055458959192
0.458490932360291
0.391770884860307
0.983259196160361
0.837563004344702
0.51401088363491
0.565781370736659
0.464984834892675
0.879197843838483
0.737703154562041
0.0490392099600285
0.223496211925521
0.46850959258154
0.788614402292296
0.0476383310742676
0.500461491988972
0.69834972335957
0.834818514529616
0.363942140713334
0.864724681014195
0.0240756757557392
0.891849383478984
0.495227546663955
0.0137210888788104
0.7983791497536
0.543959335424006
0.0205870717763901
0.40223797573708
0.519149919738993
0.200753732118756
0.387536681257188
0.962552927667275
0.57853692676872
0.944873177213594
0.320997375063598
0.651533168973401
0.762458854587749
0.773569070035592
0.01482586376369
0.00247599557042122
0.42800701293163
0.0293783028610051
0.00912150647491217
0.794287863187492
0.312894540373236
0.178686143597588
0.0268740928731859
0.23197486391291
0.778062424156815
0.0209129159338772
0.988712670747191
0.843970140907913
0.530144758755341
0.806760899955407
0.939403420081362
0.58828488457948
0.443044528365135
0.287719172425568
0.620044616051018
0.194009925005957
0.125090293819085
0.753515640506521
0.432528903940693
0.473716009873897
0.580608314601704
0.340223014121875
0.421722514554858
0.79750130767934
0.595468756509945
0.629012692021206
0.454283331055194
0.808785781264305
0.333304869011045
0.565001652110368
0.564801553962752
0.405206529423594
0.698090893449262
0.020332939689979
0.0964810284785926
0.0590394197497517
0.720223706914112
0.0805499562993646
0.973167350050062
0.944833105197176
0.746391257969663
0.00816906592808664
0.852085672318935
0.836370878387243
0.105526017956436
0.480755579192191
0.338646809570491
0.349811890861019
0.24129378143698
0.860738833202049
0.0793118290603161
0.547790724551305
0.722632157383487
0.525885087437928
0.30351241864264
0.118115093791857
0.294455683790147
0.772101310547441
0.45402909303084
0.425083577632904
0.787891069892794
0.38371487474069
0.679590181214735
0.286702563986182
0.0778154516592622
0.892818100517616
0.220529554178938
0.466592291137204
0.5361527367495
0.658155206590891
0.806004969868809
0.27357281348668
0.557315294165164
0.713058392750099
0.263949400279671
0.885680405888706
0.542877178639174
0.699778365902603
0.0338577106595039
0.818070007953793
0.776120714610443
0.875522816088051
0.663042111089453
0.242077454226092
0.530328247928992
0.351926072500646
0.450064801843837
0.276721753412858
0.618781127035618
0.367932940134779
0.108737980946898
0.256787820486352
0.164666574448347
0.735375632764772
0.149967853911221
0.494097835384309
0.885211923159659
0.49815365113318
0.977371937362477
0.984990027733147
0.221927426056936
0.721528662135825
0.580068135401234
0.144384671002626
0.0749557097442448
0.904998279409483
0.0250360481441021
0.916681240545586
0.140860104234889
0.207731018541381
0.0128957356791943
0.316435361513868
0.121555766556412
0.253554868977517
0.968461779877543
0.775686516193673
0.414122191490605
0.152386515634134
0.699782411567867
0.938776350580156
0.0223724530078471
0.922078693518415
0.708722673589364
0.246403588913381
0.360563683090732
0.773193239234388
0.397474042605609
0.851614651968703
0.125114269088954
0.729263947345316
0.247950786957517
0.856009034439921
0.317364766029641
0.131744206883013
0.954426088836044
0.268066277261823
0.92381549323909
0.284382996149361
0.315451897215098
0.76655799918808
0.0261611733585596
0.0530466653872281
0.455403938656673
0.0337524188216776
0.968106449581683
0.354318408994004
0.839399910066277
0.802813865244389
0.823669485747814
0.14714467106387
0.0827621647622436
0.846367481630296
0.342785544460639
0.452745133079588
0.744197921594605
0.959022877039388
0.173213563393801
0.897485947236419
0.235001088352874
0.674434677232057
0.210133186308667
0.672726888675243
0.77651423891075
0.329111168161035
0.322662020567805
0.553158015711233
0.802704268600792
0.0136749621015042
0.638170941267163
0.579866085899994
0.219739708350971
0.117349756881595
0.595555522479117
0.191038107033819
0.366075010504574
0.461407707305625
0.0973544779699296
0.308267566841096
0.781533329747617
0.117433766135946
0.426941904937848
0.0621702263597399
0.932667691260576
0.107931985054165
0.400169621920213
0.573406112147495
0.084616987966001
0.665671240538359
0.506650848081335
0.620867487974465
0.193916063988581
0.963697410188615
0.0721060878131539
0.634116174653172
0.686814340529963
0.0773862230125815
0.252721164608374
0.290022825123742
0.877584895584732
0.434235743945464
0.689632728230208
0.782743722898886
0.345649134600535
0.492594837443903
0.0568984558340162
0.563543915981427
0.395346069242805
0.39899241598323
0.00451014679856598
0.130935047753155
0.584632409969345
0.0438567774835974
0.0454144224058837
0.731544829672202
0.227953482652083
0.559686549240723
0.606732554035261
0.837867253227159
0.628427487565205
0.99217807338573
0.817701006773859
0.420058099320158
0.960534906480461
0.429730109171942
0.859416085993871
0.00736536807380617
0.891061706002802
0.152508599217981
0.0908405119553208
0.223362538265064
0.731730789877474
0.626326475059614
0.12667066254653
0.350939053110778
0.148023580899462
0.679117793217301
0.824333351571113
0.866142181679606
0.416734026512131
0.474011952523142
0.500887112459168
0.438058193773031
0.441319186706096
0.197900388622656
0.925969273317605
0.704929726896808
0.951654731063172
0.0196798979304731
0.211131253512576
0.610529024386778
0.646406930871308
0.146433385787532
0.448290144558996
0.917924673995003
0.0564764644950628
0.429898663423955
0.278612236725166
0.569028404075652
0.256437281845137
0.350235115969554
0.990205755224451
0.805287315510213
0.874591170577332
0.619382392149419
0.941798836458474
0.0686074949335307
0.643165483837947
0.00865477090701461
0.54938665824011
0.625574728474021
0.149377346271649
0.575870734173805
0.850983541226014
0.27488238317892
0.0360691570676863
0.0753715154714882
0.491105301305652
0.933592234738171
0.643125677714124
0.629738458199427
0.703893763013184
0.50403338810429
0.443460429785773
0.153857751283795
0.763906059553847
0.700467914808542
0.633827815297991
0.232884777477011
0.93871125089936
0.251744773471728
0.967486006440595
0.393424196867272
0.867662916425616
0.446852216497064
0.0412325682118535
0.320838417857885
0.434757092501968
0.756470053922385
0.306962193688378
0.441839345032349
0.807599077001214
0.803726458689198
0.499189521186054
0.302851473679766
0.519070883048698
0.178735883207992
0.337818841915578
0.529042858863249
0.347409149166197
0.101394013734534
0.793803143082187
0.165460359072313
0.984939340036362
0.773566487478092
0.808033128269017
0.623893206007779
0.75362380547449
0.540164197795093
0.633121119812131
0.815801140386611
0.23846376943402
0.878821368794888
0.205303495051339
0.779434625525028
0.735470651416108
0.810199820436537
0.241968767018989
0.427555467467755
0.430510769132525
0.627251694211736
0.970006727380678
0.0317744419444352
0.73960891389288
0.645859213545918
0.887298490386456
0.450879512587562
0.552373370388523
0.580894525628537
0.615923244971782
0.706991380779073
0.635759202064946
0.601185029372573
0.293732854770496
0.00461848871782422
0.151140990899876
0.894511321093887
0.876626960467547
0.91299249487929
0.942188154673204
0.998374226735905
0.615705925505608
0.841274173464626
0.624865863006562
0.0514675588347018
0.941676672315225
0.455481378361583
0.49178378097713
0.410030230414122
0.883885346585885
0.0506712391506881
0.057849062141031
0.0798296527937055
0.296673899982125
0.533512586494908
0.682340315775946
0.0789743026252836
0.670581700513139
0.562090832507238
0.514538924675435
0.475524474866688
0.726996852550656
0.356265111127868
0.520684110699221
0.825726170791313
0.888238419080153
0.289424051064998
0.558367687510327
0.851892445702106
0.0714683518745005
0.0195915896911174
0.497759296558797
0.329678259091452
0.19066074769944
0.906359882792458
0.0789104145951569
0.289274992886931
0.604931167792529
0.656087464187294
0.931959786219522
0.793529788497835
0.517614194424823
0.61551128141582
0.811936335638165
0.145892673870549
0.661301466170698
0.474577052984387
0.765280208084732
0.0434393237810582
0.513865576358512
0.569950927514583
0.452979131601751
0.62934454344213
0.710921559249982
0.824419054202735
0.958158592460677
0.438353294506669
0.14080377179198
0.00446209404617548
0.894454844295979
0.672762775560841
0.83217324828729
0.208676046459004
0.136469426564872
0.415240796981379
0.625130000291392
0.383460108423606
0.575124837225303
0.283184263622388
0.274628940969706
0.806802717968822
0.0192989492788911
0.962855053832754
0.254544597584754
0.901220334460959
0.542245227843523
0.0323930883314461
0.118395128287375
0.221938074799255
0.96126216952689
0.37302412209101
0.537190362578258
0.863649366656318
0.52912735613063
0.084915742976591
0.433600891847163
0.18135422305204
0.841744198696688
0.107827461790293
0.827975042862818
0.337581447791308
0.780639039818197
0.293617940507829
0.256538445362821
0.0695104922633618
0.195769777521491
0.726067850133404
0.268133498728275
0.709056617459282
0.523150755092502
0.0394236531574279
0.171003058319911
0.721544262720272
0.241919092368335
0.394204339710996
0.136837553232908
0.497642546892166
0.840990756871179
0.814208612544462
0.0698628143873066
0.712839987361804
0.793398949084803
0.625067531131208
0.452097976114601
0.356312481220812
0.227286343229935
0.556686894735321
0.482824957696721
0.811430267756805
0.825677464716136
0.81425458798185
0.728757475502789
0.457642959430814
0.408258980372921
0.228366202674806
0.132670284481719
0.326613529585302
0.753297954797745
0.94646597886458
0.604235980194062
0.408903641859069
0.897636212641373
0.983912330120802
0.484691472491249
0.720007679658011
0.811130616115406
0.0603282486554235
0.23508249479346
0.506691204383969
0.652914059581235
0.270118387648836
0.942211127374321
0.76497862697579
0.235541305039078
0.33227366884239
0.629743035882711
0.0299894022755325
0.350830555427819
0.525904753943905
0.709196755895391
0.886394520988688
0.271644047228619
0.828501107636839
0.494963116478175
0.109686769079417
0.903399683302268
0.701615997590125
0.691310092573985
0.0692261951044202
0.810671757673845
0.216881153872237
0.149697865359485
0.852644589729607
0.472738073207438
0.718115523457527
0.124306180980057
0.987845824798569
0.299442059360445
0.25327024795115
0.332420595223084
0.625927435001358
0.171114058000967
0.29521095380187
0.698171164141968
0.347922845277935
0.254289410775527
0.590149951400235
0.289356473833323
0.559027306968346
0.063576853601262
0.161279141437262
0.427273683482781
0.28897013887763
0.123777950182557
0.281376281287521
0.595122733851895
0.757401905488223
0.0484849165659398
0.781318722758442
0.943841051310301
0.176532472483814
0.373250451870263
0.872300990391523
0.700493143638596
0.930556934559718
0.565516811329871
0.641534106805921
0.719715176150203
0.525916723301634
0.870517391944304
0.401698571862653
0.592329445295036
0.839687677333131
0.390138070797548
0.282727340003476
0.131453009555116
0.500610748073086
0.532334474381059
0.111150021897629
0.62143540289253
0.0858358722180128
0.720022799447179
0.247897513210773
0.865031984169036
0.217020669719204
0.439173440216109
0.892147952690721
0.776937959948555
0.566277939593419
0.593612602213398
0.488932338776067
0.26677470956929
0.477253838675097
0.666804159991443
0.21435042982921
0.422430118313059
0.64457772532478
0.0914053022861481
0.0764032220467925
0.616595480823889
0.920771724544466
0.919894460821524
0.169929184718058
0.940315094543621
0.332044688053429
0.515393272507936
0.766299950424582
0.645818775519729
0.720940833212808
0.334344589151442
0.584047236246988
0.865277206525207
0.0959380983840674
0.907026948174462
0.643929471028969
0.601806996157393
0.0827371329069138
0.0829487179871649
0.0758644170127809
0.389951318968087
0.223192214034498
0.61213722685352
0.246504462324083
0.0771903563290834
0.756830297876149
0.0866313052829355
0.888104140525684
0.977803926216438
0.708008336136118
0.0650582676753402
0.45687995175831
0.605351882986724
0.949101559119299
0.229336030781269
0.197563435416669
0.929391597863287
0.971363675082102
0.0155856842175126
0.172125037061051
0.751328286947682
0.230002891272306
0.054379100445658
0.0916079692542553
0.847494616406038
0.184589363401756
0.0890565742738545
0.344127598684281
0.98464889684692
0.962281500454992
0.940327380318195
0.478447588160634
0.0177657902240753
0.603954699123278
0.284364519175142
0.939484962262213
0.945753355277702
0.428391946712509
0.0565930511802435
0.64322914625518
0.398508578538895
0.810463804751635
0.373325032182038
0.955123622436076
0.652140983846039
0.103822837816551
0.0697764295618981
0.217554138042033
0.28967255493626
0.848117806250229
0.230106628732756
0.138734301785007
0.190795132657513
0.733704410260543
0.965893784537911
0.774701993213966
0.880003683734685
0.220092376694083
0.535483583575115
0.260644862428308
0.697090120054781
0.590068010846153
0.652591301361099
0.165683153551072
0.353422150481492
0.285156618105248
0.622851517284289
0.102742774644867
0.988084063632414
0.858994528651237
0.261612436268479
0.465848303167149
0.166922806762159
0.0364623239729553
0.874787736218423
0.895590841770172
0.705486081540585
0.399281633086503
0.852824761066586
0.180594983277842
0.112887239083648
0.901613859925419
0.807464959798381
0.07847536704503
0.541315013309941
0.681297316681594
0.827332542976364
0.117850492475554
0.739896535174921
0.920335787348449
0.706648191902786
0.030740502057597
0.526974720414728
0.194713675649837
0.589299475541338
0.956538659520447
0.946061157155782
0.766198809724301
0.751116043422371
0.953677328303456
0.929483418352902
0.802920303540304
0.610392129514366
0.493588174460456
0.201779964147136
0.686268191318959
0.0315871096681803
0.840936159715056
0.0726061386521906
0.213297547074035
0.596953327069059
0.539628945058212
0.897440473549068
0.372464650776237
0.460530776763335
0.481633567484096
0.161864791996777
0.458995267748833
0.109461062354967
0.283819478470832
0.57240879512392
0.815511848777533
0.149849879788235
0.233499157708138
0.55035622487776
0.330690989270806
0.836894694017246
0.867737978463992
0.0122465833555907
0.259543110150844
0.762306941440329
0.659204205032438
0.091812102124095
0.517879626015201
0.5711004731711
0.608595376601443
0.629306117072701
0.268465574132279
0.243791326647624
0.282646635081619
0.863067915197462
0.666409289697185
0.647613575914875
0.8530865740031
0.596909895772114
0.00366514921188354
0.150404067710042
0.991288051474839
0.326210473664105
0.218332910211757
0.98324933508411
0.340242971200496
0.437010225374252
0.325318503426388
0.536325251450762
0.446524416329339
0.145198834128678
0.779000813839957
0.542558439075947
0.160967822419479
0.827147219330072
0.138900380348787
0.0527374255470932
0.434819382149726
0.631630710326135
0.664982033194974
0.0657120242249221
0.490376783534884
0.234868614468724
0.454860132886097
0.907262983266264
0.116467115934938
0.0697378164622933
0.167826940538362
0.458208521595225
0.182529266458005
0.874075797386467
0.427267076447606
0.303514190483838
0.444090214790776
0.309149726759642
0.637631385587156
0.547084838384762
0.650343980873004
0.146875544916838
0.240436574677005
0.732436209684238
0.256534668616951
0.368694740114734
0.340280040400103
0.238813372096047
0.413911016192287
0.130997373256832
0.614553932566196
0.268336823908612
0.708126207347959
0.854269909206778
0.124732913915068
0.934081712272018
0.689346154220402
0.270624283468351
0.346920394105837
0.257903894875199
0.912251323461533
0.607512117363513
0.212417328264564
0.699675359763205
0.47693682112731
0.378922482952476
0.730600481154397
0.388292646501213
0.375761321280152
0.317816419061273
0.224254608154297
0.841288160998374
0.887663492700085
0.876679076813161
0.289641572861001
0.584376791957766
0.524107770062983
0.463696596212685
0.163432411849499
0.75254020281136
0.91316604311578
0.762391480151564
0.809958625817671
0.11158564966172
0.48881834000349
0.76892539835535
0.468913665274158
0.942000991431996
0.844152147648856
0.329930284060538
0.573062452953309
0.433961815200746
0.809723645914346
0.537413791520521
0.588440069928765
0.596651708241552
0.566482026129961
0.927034468855709
0.492602044250816
0.178320576436818
0.657276433194056
0.93017745227553
0.846432992722839
0.71779600228183
0.01358233531937
0.058025216916576
0.330268389778212
0.0448594915214926
0.335805231006816
0.150287802098319
0.257420508889481
0.0702082132920623
0.844221327686682
0.940419368911535
0.711921058595181
0.796937125502154
0.0555284528527409
0.803294625133276
0.0943028023466468
0.0668808224145323
0.188837036024779
0.257970664417371
0.107028973056003
0.230972335673869
0.0447857461404055
0.0539215749595314
0.944116642000154
0.798440292477608
0.648523948155344
0.0275241192430258
0.117891228990629
0.388248804956675
0.380171518307179
0.182451702887192
0.852705547120422
0.962423828663304
0.356957607204095
0.248987621162087
0.52919631334953
0.182232608320192
0.179188707144931
0.395637853769585
0.223059652373195
0.568524224450812
0.571554408641532
0.0441588549874723
0.480867926031351
0.393845510436222
0.742058286909014
0.954473126446828
0.113233319949359
0.999942836351693
0.145070655504242
0.946553310612217
0.674716704990715
0.876731222961098
0.713251997949556
0.952965727075934
0.970118332421407
0.544177628587931
0.106949001085013
0.454301721649244
0.503504144726321
0.104219409637153
0.768632565857843
0.247040359536186
0.537009461550042
0.84125892049633
0.571882547577843
0.98841169802472
0.509612445952371
0.539285547332838
0.300696862395853
0.699949631933123
0.0892008563969284
0.607163933571428
0.339512748410925
0.765417417977005
0.197011217707768
0.742293985560536
0.736762900138274
0.329701245762408
0.0342887775041163
0.681913043837994
0.337146817939356
0.365488596493378
0.247345099924132
0.538032481446862
0.613469286123291
0.419517312198877
0.833330194465816
0.30905636283569
0.794830109458417
0.112010232405737
0.660968279931694
0.306034879526123
0.688285693060607
0.352514416677877
0.761955220252275
0.0901675252243876
0.925344785675406
0.921109300339594
0.703766650520265
0.00953924190253019
0.143172302749008
0.350253230426461
0.932486773002893
0.2698833134491
0.16858973633498
0.245295025408268
0.694958307314664
0.878397049149498
0.233498890185729
0.239326910115778
0.77218217914924
0.241412891773507
0.895678123692051
0.48973952117376
0.112542778486386
0.378392514307052
0.0910549852997065
0.104851805604994
0.217758603626862
0.402958306018263
0.185251092538238
0.530105174984783
0.924599205842242
0.178018348291516
0.0405740756541491
0.902462880825624
0.431131304940209
0.410735431592911
0.200958413304761
0.370663912268355
0.685815485659987
0.170443427748978
0.750351404072717
0.245363474823534
0.633451083442196
0.833542054053396
0.889232065295801
0.826726281549782
0.854431449668482
0.218563123373315
0.42406640551053
0.219656492117792
0.186212457483634
0.342192825162783
0.416125096380711
0.59054868738167
0.520489485934377
0.703238356625661
0.978742362465709
0.847390394192189
0.899928245227784
0.682550112018362
0.134006023639813
0.338376696454361
0.246394155547023
0.428827135358006
0.876173265976831
0.178989091655239
0.189064138568938
0.319062432041392
0.346389041049406
0.639696717495099
0.641916532302275
0.316400892101228
0.675289726583287
0.521867433097214
0.748960044700652
0.546049456344917
0.529921441106126
0.988149426877499
0.908806588500738
0.679338593035936
0.31483367504552
0.578106703935191
0.0757665033452213
0.634546551154926
0.734717752784491
0.569089235505089
0.660052803810686
0.969178634462878
0.365865797968581
0.0137900186236948
0.627917753532529
0.437557775527239
0.801545190857723
0.677100137807429
0.86721829441376
0.746125633362681
0.289142093155533
0.6839211252518
0.403357312316075
0.216868486721069
0.935218095546588
0.617497241823003
0.612681892234832
0.439678312046453
0.993146561086178
0.725443672854453
0.12862570467405
0.730545124737546
0.0145801906473935
0.232116222847253
0.397940763272345
0.619064732920378
0.468243117677048
0.996542101725936
0.90906147705391
0.704104361357167
0.513516991166398
0.1971192099154
0.691248102113605
0.515623287297785
0.774407205637544
0.798297542147338
0.345274208579212
0.793630161788315
0.574220255250111
0.289835970615968
0.748793395701796
0.632342758355662
0.38384627038613
0.616537176072598
0.0303940854500979
0.0234817585442215
0.008821313502267
0.418043672805652
0.173460400430486
0.237847503274679
0.648201835341752
0.510581356706098
0.338414299301803
0.0181870777159929
0.368757267482579
0.726396551821381
0.8479072926566
0.449959695106372
0.433910160791129
0.52013026503846
0.529347422532737
0.0703147002495825
0.210682552075014
0.425263409968466
0.529886536998674
0.493813830194995
0.831507328199223
0.945330201415345
0.958018861943856
0.0262023396790028
0.827891913242638
0.735837396001443
0.925857397960499
0.83442564168945
0.975638858741149
0.723081854172051
0.529256570385769
0.843432924710214
0.480041931848973
0.124264763435349
0.261343372054398
0.387310988502577
0.884524636203423
0.32349090767093
0.862988916458562
0.0357936436776072
0.282718827947974
0.00879631843417883
0.66880958667025
0.0795903003308922
0.799237934872508
0.844883450074121
0.238114915322512
0.255941009381786
0.835143505595624
0.838821226032451
0.782644250895828
0.857747709844261
0.464592207921669
0.0600046014878899
0.675904860720038
0.49112824164331
0.73594247829169
0.405062582576647
0.897075087530538
0.218013909645379
0.661070242524147
0.790893476922065
0.374370857374743
0.14049098524265
0.388723979238421
0.971818500431255
0.433215197874233
0.400987827219069
0.322664650622755
0.753709765849635
0.490267555229366
0.627745860023424
0.551964612677693
0.881986866239458
0.734593873377889
0.553074650932103
0.118651900440454
0.119153143139556
0.369573645759374
0.370082253590226
0.810000466415659
0.896696370560676
0.642131035914645
0.993764454498887
0.151058448944241
0.165163256926462
0.961643339134753
0.272318991832435
0.538123453035951
0.558453326812014
0.740988105768338
0.973506286740303
0.752260668203235
0.717493067495525
0.144103192258626
0.739055053796619
0.902319443179294
0.241723596351221
0.510257730493322
0.88089349353686
0.795694730244577
0.644830954261124
0.0194010431878269
0.0466029914095998
0.149988223332912
0.204702549846843
0.317015650449321
0.00320826563984156
0.0492346743121743
0.92513686302118
0.957702966406941
0.667368378024548
0.362613928737119
0.481328774243593
0.112888706382364
0.348988048732281
0.144615872297436
0.377586795482785
0.710767172276974
0.327926158672199
0.531903964001685
0.448109035147354
0.798466252163053
0.135059144580737
0.607025566743687
0.753801710437983
0.245315445121378
0.156662881141528
0.97981573571451
0.327101277885959
0.0393476595636457
0.999103534501046
0.878810761729255
0.220149161526933
0.935333054047078
0.972790984902531
0.0198770952410996
0.588205550331622
0.811985993292183
0.379140297882259
0.697548688389361
0.205127395689487
0.0996425391640514
0.313476555515081
0.939275414915755
0.744019442005083
0.183459380175918
0.525353008182719
0.519127734238282
0.661402022000402
0.70005581760779
0.849615302635357
0.982024386059493
0.448526811087504
0.723200763808563
0.782091420609504
0.54490715265274
0.757490920135751
0.785010336898267
0.868312535341829
0.492049243766814
0.498002165695652
0.499711428768933
0.858385533327237
0.120533063542098
0.0271773191634566
0.695826523937285
0.661319500301033
0.804589554900303
0.401209217729047
0.590840340126306
0.28536058566533
0.386612466070801
0.91783282905817
0.515826949849725
0.638829760253429
0.240574453258887
0.592237720033154
0.988793459022418
0.268181417370215
0.00512408674694598
0.409658252960071
0.0935391874518245
0.784887199755758
0.12176528130658
0.320977914845571
0.368268304271623
